{
 "cells": [
  {
   "cell_type": "code",
   "execution_count": 1,
   "id": "7e3a0400",
   "metadata": {},
   "outputs": [
    {
     "name": "stdout",
     "output_type": "stream",
     "text": [
      "WARNING:tensorflow:From C:\\Users\\DELL\\anaconda3\\lib\\site-packages\\keras\\src\\losses.py:2976: The name tf.losses.sparse_softmax_cross_entropy is deprecated. Please use tf.compat.v1.losses.sparse_softmax_cross_entropy instead.\n",
      "\n"
     ]
    }
   ],
   "source": [
    "import numpy as np\n",
    "import pandas as pd\n",
    "import matplotlib.pyplot as plt\n",
    "from sklearn.preprocessing import MinMaxScaler\n",
    "from keras.models import Sequential\n",
    "from keras.layers import Conv1D, MaxPooling1D, Flatten, Dense , Dropout\n",
    "from sklearn.metrics import r2_score\n",
    "from sklearn.metrics import mean_squared_error,r2_score\n",
    "from keras.optimizers import Adam\n",
    "from keras.callbacks import EarlyStopping\n",
    "plt.style.use('fivethirtyeight')"
   ]
  },
  {
   "cell_type": "code",
   "execution_count": 2,
   "id": "8dce42c6",
   "metadata": {},
   "outputs": [
    {
     "data": {
      "text/html": [
       "<div>\n",
       "<style scoped>\n",
       "    .dataframe tbody tr th:only-of-type {\n",
       "        vertical-align: middle;\n",
       "    }\n",
       "\n",
       "    .dataframe tbody tr th {\n",
       "        vertical-align: top;\n",
       "    }\n",
       "\n",
       "    .dataframe thead th {\n",
       "        text-align: right;\n",
       "    }\n",
       "</style>\n",
       "<table border=\"1\" class=\"dataframe\">\n",
       "  <thead>\n",
       "    <tr style=\"text-align: right;\">\n",
       "      <th></th>\n",
       "      <th>Date</th>\n",
       "      <th>Open</th>\n",
       "      <th>High</th>\n",
       "      <th>Low</th>\n",
       "      <th>Close</th>\n",
       "      <th>Adj Close</th>\n",
       "      <th>Volume</th>\n",
       "    </tr>\n",
       "  </thead>\n",
       "  <tbody>\n",
       "    <tr>\n",
       "      <th>0</th>\n",
       "      <td>2007-10-30</td>\n",
       "      <td>6.649286</td>\n",
       "      <td>6.763214</td>\n",
       "      <td>6.597500</td>\n",
       "      <td>6.678571</td>\n",
       "      <td>5.668749</td>\n",
       "      <td>939414000</td>\n",
       "    </tr>\n",
       "    <tr>\n",
       "      <th>1</th>\n",
       "      <td>2007-10-31</td>\n",
       "      <td>6.701071</td>\n",
       "      <td>6.790000</td>\n",
       "      <td>6.605357</td>\n",
       "      <td>6.783929</td>\n",
       "      <td>5.758174</td>\n",
       "      <td>833310800</td>\n",
       "    </tr>\n",
       "    <tr>\n",
       "      <th>2</th>\n",
       "      <td>2007-11-01</td>\n",
       "      <td>6.735714</td>\n",
       "      <td>6.789286</td>\n",
       "      <td>6.428571</td>\n",
       "      <td>6.694286</td>\n",
       "      <td>5.682087</td>\n",
       "      <td>805036400</td>\n",
       "    </tr>\n",
       "    <tr>\n",
       "      <th>3</th>\n",
       "      <td>2007-11-02</td>\n",
       "      <td>6.757500</td>\n",
       "      <td>6.765714</td>\n",
       "      <td>6.553214</td>\n",
       "      <td>6.709643</td>\n",
       "      <td>5.695121</td>\n",
       "      <td>1002114400</td>\n",
       "    </tr>\n",
       "    <tr>\n",
       "      <th>4</th>\n",
       "      <td>2007-11-05</td>\n",
       "      <td>6.617500</td>\n",
       "      <td>6.748571</td>\n",
       "      <td>6.580000</td>\n",
       "      <td>6.649286</td>\n",
       "      <td>5.643891</td>\n",
       "      <td>804176800</td>\n",
       "    </tr>\n",
       "    <tr>\n",
       "      <th>...</th>\n",
       "      <td>...</td>\n",
       "      <td>...</td>\n",
       "      <td>...</td>\n",
       "      <td>...</td>\n",
       "      <td>...</td>\n",
       "      <td>...</td>\n",
       "      <td>...</td>\n",
       "    </tr>\n",
       "    <tr>\n",
       "      <th>4022</th>\n",
       "      <td>2023-10-23</td>\n",
       "      <td>170.910004</td>\n",
       "      <td>174.009995</td>\n",
       "      <td>169.929993</td>\n",
       "      <td>173.000000</td>\n",
       "      <td>173.000000</td>\n",
       "      <td>55980100</td>\n",
       "    </tr>\n",
       "    <tr>\n",
       "      <th>4023</th>\n",
       "      <td>2023-10-24</td>\n",
       "      <td>173.050003</td>\n",
       "      <td>173.669998</td>\n",
       "      <td>171.449997</td>\n",
       "      <td>173.440002</td>\n",
       "      <td>173.440002</td>\n",
       "      <td>43816600</td>\n",
       "    </tr>\n",
       "    <tr>\n",
       "      <th>4024</th>\n",
       "      <td>2023-10-25</td>\n",
       "      <td>171.880005</td>\n",
       "      <td>173.059998</td>\n",
       "      <td>170.649994</td>\n",
       "      <td>171.100006</td>\n",
       "      <td>171.100006</td>\n",
       "      <td>57157000</td>\n",
       "    </tr>\n",
       "    <tr>\n",
       "      <th>4025</th>\n",
       "      <td>2023-10-26</td>\n",
       "      <td>170.369995</td>\n",
       "      <td>171.380005</td>\n",
       "      <td>165.669998</td>\n",
       "      <td>166.889999</td>\n",
       "      <td>166.889999</td>\n",
       "      <td>70625300</td>\n",
       "    </tr>\n",
       "    <tr>\n",
       "      <th>4026</th>\n",
       "      <td>2023-10-27</td>\n",
       "      <td>166.910004</td>\n",
       "      <td>168.960007</td>\n",
       "      <td>166.830002</td>\n",
       "      <td>168.220001</td>\n",
       "      <td>168.220001</td>\n",
       "      <td>58468600</td>\n",
       "    </tr>\n",
       "  </tbody>\n",
       "</table>\n",
       "<p>4027 rows × 7 columns</p>\n",
       "</div>"
      ],
      "text/plain": [
       "            Date        Open        High         Low       Close   Adj Close  \\\n",
       "0     2007-10-30    6.649286    6.763214    6.597500    6.678571    5.668749   \n",
       "1     2007-10-31    6.701071    6.790000    6.605357    6.783929    5.758174   \n",
       "2     2007-11-01    6.735714    6.789286    6.428571    6.694286    5.682087   \n",
       "3     2007-11-02    6.757500    6.765714    6.553214    6.709643    5.695121   \n",
       "4     2007-11-05    6.617500    6.748571    6.580000    6.649286    5.643891   \n",
       "...          ...         ...         ...         ...         ...         ...   \n",
       "4022  2023-10-23  170.910004  174.009995  169.929993  173.000000  173.000000   \n",
       "4023  2023-10-24  173.050003  173.669998  171.449997  173.440002  173.440002   \n",
       "4024  2023-10-25  171.880005  173.059998  170.649994  171.100006  171.100006   \n",
       "4025  2023-10-26  170.369995  171.380005  165.669998  166.889999  166.889999   \n",
       "4026  2023-10-27  166.910004  168.960007  166.830002  168.220001  168.220001   \n",
       "\n",
       "          Volume  \n",
       "0      939414000  \n",
       "1      833310800  \n",
       "2      805036400  \n",
       "3     1002114400  \n",
       "4      804176800  \n",
       "...          ...  \n",
       "4022    55980100  \n",
       "4023    43816600  \n",
       "4024    57157000  \n",
       "4025    70625300  \n",
       "4026    58468600  \n",
       "\n",
       "[4027 rows x 7 columns]"
      ]
     },
     "execution_count": 2,
     "metadata": {},
     "output_type": "execute_result"
    }
   ],
   "source": [
    "# Load data\n",
    "data = pd.read_csv(\"data/AAPL_use.csv\")\n",
    "data"
   ]
  },
  {
   "cell_type": "code",
   "execution_count": 3,
   "id": "ca6305b4",
   "metadata": {},
   "outputs": [
    {
     "data": {
      "text/html": [
       "<div>\n",
       "<style scoped>\n",
       "    .dataframe tbody tr th:only-of-type {\n",
       "        vertical-align: middle;\n",
       "    }\n",
       "\n",
       "    .dataframe tbody tr th {\n",
       "        vertical-align: top;\n",
       "    }\n",
       "\n",
       "    .dataframe thead th {\n",
       "        text-align: right;\n",
       "    }\n",
       "</style>\n",
       "<table border=\"1\" class=\"dataframe\">\n",
       "  <thead>\n",
       "    <tr style=\"text-align: right;\">\n",
       "      <th></th>\n",
       "      <th>Date</th>\n",
       "      <th>Open</th>\n",
       "      <th>High</th>\n",
       "      <th>Low</th>\n",
       "      <th>Close</th>\n",
       "      <th>Adj Close</th>\n",
       "      <th>Volume</th>\n",
       "    </tr>\n",
       "  </thead>\n",
       "  <tbody>\n",
       "    <tr>\n",
       "      <th>0</th>\n",
       "      <td>30-10-2007</td>\n",
       "      <td>6.649286</td>\n",
       "      <td>6.763214</td>\n",
       "      <td>6.597500</td>\n",
       "      <td>6.678571</td>\n",
       "      <td>5.668749</td>\n",
       "      <td>939414000</td>\n",
       "    </tr>\n",
       "    <tr>\n",
       "      <th>1</th>\n",
       "      <td>31-10-2007</td>\n",
       "      <td>6.701071</td>\n",
       "      <td>6.790000</td>\n",
       "      <td>6.605357</td>\n",
       "      <td>6.783929</td>\n",
       "      <td>5.758174</td>\n",
       "      <td>833310800</td>\n",
       "    </tr>\n",
       "    <tr>\n",
       "      <th>2</th>\n",
       "      <td>01-11-2007</td>\n",
       "      <td>6.735714</td>\n",
       "      <td>6.789286</td>\n",
       "      <td>6.428571</td>\n",
       "      <td>6.694286</td>\n",
       "      <td>5.682087</td>\n",
       "      <td>805036400</td>\n",
       "    </tr>\n",
       "    <tr>\n",
       "      <th>3</th>\n",
       "      <td>02-11-2007</td>\n",
       "      <td>6.757500</td>\n",
       "      <td>6.765714</td>\n",
       "      <td>6.553214</td>\n",
       "      <td>6.709643</td>\n",
       "      <td>5.695121</td>\n",
       "      <td>1002114400</td>\n",
       "    </tr>\n",
       "    <tr>\n",
       "      <th>4</th>\n",
       "      <td>05-11-2007</td>\n",
       "      <td>6.617500</td>\n",
       "      <td>6.748571</td>\n",
       "      <td>6.580000</td>\n",
       "      <td>6.649286</td>\n",
       "      <td>5.643891</td>\n",
       "      <td>804176800</td>\n",
       "    </tr>\n",
       "    <tr>\n",
       "      <th>...</th>\n",
       "      <td>...</td>\n",
       "      <td>...</td>\n",
       "      <td>...</td>\n",
       "      <td>...</td>\n",
       "      <td>...</td>\n",
       "      <td>...</td>\n",
       "      <td>...</td>\n",
       "    </tr>\n",
       "    <tr>\n",
       "      <th>4022</th>\n",
       "      <td>23-10-2023</td>\n",
       "      <td>170.910004</td>\n",
       "      <td>174.009995</td>\n",
       "      <td>169.929993</td>\n",
       "      <td>173.000000</td>\n",
       "      <td>173.000000</td>\n",
       "      <td>55980100</td>\n",
       "    </tr>\n",
       "    <tr>\n",
       "      <th>4023</th>\n",
       "      <td>24-10-2023</td>\n",
       "      <td>173.050003</td>\n",
       "      <td>173.669998</td>\n",
       "      <td>171.449997</td>\n",
       "      <td>173.440002</td>\n",
       "      <td>173.440002</td>\n",
       "      <td>43816600</td>\n",
       "    </tr>\n",
       "    <tr>\n",
       "      <th>4024</th>\n",
       "      <td>25-10-2023</td>\n",
       "      <td>171.880005</td>\n",
       "      <td>173.059998</td>\n",
       "      <td>170.649994</td>\n",
       "      <td>171.100006</td>\n",
       "      <td>171.100006</td>\n",
       "      <td>57157000</td>\n",
       "    </tr>\n",
       "    <tr>\n",
       "      <th>4025</th>\n",
       "      <td>26-10-2023</td>\n",
       "      <td>170.369995</td>\n",
       "      <td>171.380005</td>\n",
       "      <td>165.669998</td>\n",
       "      <td>166.889999</td>\n",
       "      <td>166.889999</td>\n",
       "      <td>70625300</td>\n",
       "    </tr>\n",
       "    <tr>\n",
       "      <th>4026</th>\n",
       "      <td>27-10-2023</td>\n",
       "      <td>166.910004</td>\n",
       "      <td>168.960007</td>\n",
       "      <td>166.830002</td>\n",
       "      <td>168.220001</td>\n",
       "      <td>168.220001</td>\n",
       "      <td>58468600</td>\n",
       "    </tr>\n",
       "  </tbody>\n",
       "</table>\n",
       "<p>4027 rows × 7 columns</p>\n",
       "</div>"
      ],
      "text/plain": [
       "            Date        Open        High         Low       Close   Adj Close  \\\n",
       "0     30-10-2007    6.649286    6.763214    6.597500    6.678571    5.668749   \n",
       "1     31-10-2007    6.701071    6.790000    6.605357    6.783929    5.758174   \n",
       "2     01-11-2007    6.735714    6.789286    6.428571    6.694286    5.682087   \n",
       "3     02-11-2007    6.757500    6.765714    6.553214    6.709643    5.695121   \n",
       "4     05-11-2007    6.617500    6.748571    6.580000    6.649286    5.643891   \n",
       "...          ...         ...         ...         ...         ...         ...   \n",
       "4022  23-10-2023  170.910004  174.009995  169.929993  173.000000  173.000000   \n",
       "4023  24-10-2023  173.050003  173.669998  171.449997  173.440002  173.440002   \n",
       "4024  25-10-2023  171.880005  173.059998  170.649994  171.100006  171.100006   \n",
       "4025  26-10-2023  170.369995  171.380005  165.669998  166.889999  166.889999   \n",
       "4026  27-10-2023  166.910004  168.960007  166.830002  168.220001  168.220001   \n",
       "\n",
       "          Volume  \n",
       "0      939414000  \n",
       "1      833310800  \n",
       "2      805036400  \n",
       "3     1002114400  \n",
       "4      804176800  \n",
       "...          ...  \n",
       "4022    55980100  \n",
       "4023    43816600  \n",
       "4024    57157000  \n",
       "4025    70625300  \n",
       "4026    58468600  \n",
       "\n",
       "[4027 rows x 7 columns]"
      ]
     },
     "execution_count": 3,
     "metadata": {},
     "output_type": "execute_result"
    }
   ],
   "source": [
    "# Removing %h-%m-%s From Date Column\n",
    "data['Date'] = pd.to_datetime(data['Date'])\n",
    "data['Date'] = data['Date'].dt.strftime('%d-%m-%Y')\n",
    "data"
   ]
  },
  {
   "cell_type": "code",
   "execution_count": 4,
   "id": "c00aca2f",
   "metadata": {},
   "outputs": [
    {
     "name": "stdout",
     "output_type": "stream",
     "text": [
      "<class 'pandas.core.frame.DataFrame'>\n",
      "RangeIndex: 4027 entries, 0 to 4026\n",
      "Data columns (total 7 columns):\n",
      " #   Column     Non-Null Count  Dtype  \n",
      "---  ------     --------------  -----  \n",
      " 0   Date       4027 non-null   object \n",
      " 1   Open       4027 non-null   float64\n",
      " 2   High       4027 non-null   float64\n",
      " 3   Low        4027 non-null   float64\n",
      " 4   Close      4027 non-null   float64\n",
      " 5   Adj Close  4027 non-null   float64\n",
      " 6   Volume     4027 non-null   int64  \n",
      "dtypes: float64(5), int64(1), object(1)\n",
      "memory usage: 220.4+ KB\n"
     ]
    }
   ],
   "source": [
    "# Checking The Type Of Data Column(object)\n",
    "data.info()"
   ]
  },
  {
   "cell_type": "code",
   "execution_count": 5,
   "id": "f96c501f",
   "metadata": {},
   "outputs": [
    {
     "data": {
      "text/html": [
       "<div>\n",
       "<style scoped>\n",
       "    .dataframe tbody tr th:only-of-type {\n",
       "        vertical-align: middle;\n",
       "    }\n",
       "\n",
       "    .dataframe tbody tr th {\n",
       "        vertical-align: top;\n",
       "    }\n",
       "\n",
       "    .dataframe thead th {\n",
       "        text-align: right;\n",
       "    }\n",
       "</style>\n",
       "<table border=\"1\" class=\"dataframe\">\n",
       "  <thead>\n",
       "    <tr style=\"text-align: right;\">\n",
       "      <th></th>\n",
       "      <th>Date</th>\n",
       "      <th>Open</th>\n",
       "      <th>High</th>\n",
       "      <th>Low</th>\n",
       "      <th>Close</th>\n",
       "      <th>Adj Close</th>\n",
       "      <th>Volume</th>\n",
       "    </tr>\n",
       "  </thead>\n",
       "  <tbody>\n",
       "    <tr>\n",
       "      <th>0</th>\n",
       "      <td>2007-10-30</td>\n",
       "      <td>6.649286</td>\n",
       "      <td>6.763214</td>\n",
       "      <td>6.597500</td>\n",
       "      <td>6.678571</td>\n",
       "      <td>5.668749</td>\n",
       "      <td>939414000</td>\n",
       "    </tr>\n",
       "    <tr>\n",
       "      <th>1</th>\n",
       "      <td>2007-10-31</td>\n",
       "      <td>6.701071</td>\n",
       "      <td>6.790000</td>\n",
       "      <td>6.605357</td>\n",
       "      <td>6.783929</td>\n",
       "      <td>5.758174</td>\n",
       "      <td>833310800</td>\n",
       "    </tr>\n",
       "    <tr>\n",
       "      <th>2</th>\n",
       "      <td>2007-11-01</td>\n",
       "      <td>6.735714</td>\n",
       "      <td>6.789286</td>\n",
       "      <td>6.428571</td>\n",
       "      <td>6.694286</td>\n",
       "      <td>5.682087</td>\n",
       "      <td>805036400</td>\n",
       "    </tr>\n",
       "    <tr>\n",
       "      <th>3</th>\n",
       "      <td>2007-11-02</td>\n",
       "      <td>6.757500</td>\n",
       "      <td>6.765714</td>\n",
       "      <td>6.553214</td>\n",
       "      <td>6.709643</td>\n",
       "      <td>5.695121</td>\n",
       "      <td>1002114400</td>\n",
       "    </tr>\n",
       "    <tr>\n",
       "      <th>4</th>\n",
       "      <td>2007-11-05</td>\n",
       "      <td>6.617500</td>\n",
       "      <td>6.748571</td>\n",
       "      <td>6.580000</td>\n",
       "      <td>6.649286</td>\n",
       "      <td>5.643891</td>\n",
       "      <td>804176800</td>\n",
       "    </tr>\n",
       "    <tr>\n",
       "      <th>...</th>\n",
       "      <td>...</td>\n",
       "      <td>...</td>\n",
       "      <td>...</td>\n",
       "      <td>...</td>\n",
       "      <td>...</td>\n",
       "      <td>...</td>\n",
       "      <td>...</td>\n",
       "    </tr>\n",
       "    <tr>\n",
       "      <th>4022</th>\n",
       "      <td>2023-10-23</td>\n",
       "      <td>170.910004</td>\n",
       "      <td>174.009995</td>\n",
       "      <td>169.929993</td>\n",
       "      <td>173.000000</td>\n",
       "      <td>173.000000</td>\n",
       "      <td>55980100</td>\n",
       "    </tr>\n",
       "    <tr>\n",
       "      <th>4023</th>\n",
       "      <td>2023-10-24</td>\n",
       "      <td>173.050003</td>\n",
       "      <td>173.669998</td>\n",
       "      <td>171.449997</td>\n",
       "      <td>173.440002</td>\n",
       "      <td>173.440002</td>\n",
       "      <td>43816600</td>\n",
       "    </tr>\n",
       "    <tr>\n",
       "      <th>4024</th>\n",
       "      <td>2023-10-25</td>\n",
       "      <td>171.880005</td>\n",
       "      <td>173.059998</td>\n",
       "      <td>170.649994</td>\n",
       "      <td>171.100006</td>\n",
       "      <td>171.100006</td>\n",
       "      <td>57157000</td>\n",
       "    </tr>\n",
       "    <tr>\n",
       "      <th>4025</th>\n",
       "      <td>2023-10-26</td>\n",
       "      <td>170.369995</td>\n",
       "      <td>171.380005</td>\n",
       "      <td>165.669998</td>\n",
       "      <td>166.889999</td>\n",
       "      <td>166.889999</td>\n",
       "      <td>70625300</td>\n",
       "    </tr>\n",
       "    <tr>\n",
       "      <th>4026</th>\n",
       "      <td>2023-10-27</td>\n",
       "      <td>166.910004</td>\n",
       "      <td>168.960007</td>\n",
       "      <td>166.830002</td>\n",
       "      <td>168.220001</td>\n",
       "      <td>168.220001</td>\n",
       "      <td>58468600</td>\n",
       "    </tr>\n",
       "  </tbody>\n",
       "</table>\n",
       "<p>4027 rows × 7 columns</p>\n",
       "</div>"
      ],
      "text/plain": [
       "           Date        Open        High         Low       Close   Adj Close  \\\n",
       "0    2007-10-30    6.649286    6.763214    6.597500    6.678571    5.668749   \n",
       "1    2007-10-31    6.701071    6.790000    6.605357    6.783929    5.758174   \n",
       "2    2007-11-01    6.735714    6.789286    6.428571    6.694286    5.682087   \n",
       "3    2007-11-02    6.757500    6.765714    6.553214    6.709643    5.695121   \n",
       "4    2007-11-05    6.617500    6.748571    6.580000    6.649286    5.643891   \n",
       "...         ...         ...         ...         ...         ...         ...   \n",
       "4022 2023-10-23  170.910004  174.009995  169.929993  173.000000  173.000000   \n",
       "4023 2023-10-24  173.050003  173.669998  171.449997  173.440002  173.440002   \n",
       "4024 2023-10-25  171.880005  173.059998  170.649994  171.100006  171.100006   \n",
       "4025 2023-10-26  170.369995  171.380005  165.669998  166.889999  166.889999   \n",
       "4026 2023-10-27  166.910004  168.960007  166.830002  168.220001  168.220001   \n",
       "\n",
       "          Volume  \n",
       "0      939414000  \n",
       "1      833310800  \n",
       "2      805036400  \n",
       "3     1002114400  \n",
       "4      804176800  \n",
       "...          ...  \n",
       "4022    55980100  \n",
       "4023    43816600  \n",
       "4024    57157000  \n",
       "4025    70625300  \n",
       "4026    58468600  \n",
       "\n",
       "[4027 rows x 7 columns]"
      ]
     },
     "execution_count": 5,
     "metadata": {},
     "output_type": "execute_result"
    }
   ],
   "source": [
    "# Converting Object To Datetime\n",
    "data['Date'] = pd.to_datetime(data['Date'], dayfirst=True)\n",
    "data"
   ]
  },
  {
   "cell_type": "code",
   "execution_count": 6,
   "id": "118c0427",
   "metadata": {},
   "outputs": [
    {
     "name": "stdout",
     "output_type": "stream",
     "text": [
      "<class 'pandas.core.frame.DataFrame'>\n",
      "RangeIndex: 4027 entries, 0 to 4026\n",
      "Data columns (total 7 columns):\n",
      " #   Column     Non-Null Count  Dtype         \n",
      "---  ------     --------------  -----         \n",
      " 0   Date       4027 non-null   datetime64[ns]\n",
      " 1   Open       4027 non-null   float64       \n",
      " 2   High       4027 non-null   float64       \n",
      " 3   Low        4027 non-null   float64       \n",
      " 4   Close      4027 non-null   float64       \n",
      " 5   Adj Close  4027 non-null   float64       \n",
      " 6   Volume     4027 non-null   int64         \n",
      "dtypes: datetime64[ns](1), float64(5), int64(1)\n",
      "memory usage: 220.4 KB\n"
     ]
    }
   ],
   "source": [
    "# Checking The Type Of Data Column(object)\n",
    "data.info()"
   ]
  },
  {
   "cell_type": "code",
   "execution_count": 6,
   "id": "5853a743",
   "metadata": {},
   "outputs": [
    {
     "data": {
      "text/plain": [
       "[<matplotlib.lines.Line2D at 0x21f23fcf550>]"
      ]
     },
     "execution_count": 6,
     "metadata": {},
     "output_type": "execute_result"
    },
    {
     "data": {
